Triangle

Coord1: (0.0,0.0)
Coord2: (0.0,5.0)
Coord3: (5.0,0.0)

Angle1: 35.264389682754654
Angle2: 44.99999999999999
Angle3: 45.00000000000001

Side1: 5.0
Side2: 7.0710678118654755
Side3: 5.0

perimeter: 17.071067811865476

Area: 12.5
